373638573 1.000000e+00 0.000000 .1 .1 .1 0.700000
179097684 2.800000e-07 0.003333 .1 .1 .1 0.696667
3534547045 2.800000e-07 0.006667 .1 .1 .1 0.693333
3373526895 2.800000e-07 0.010000 .1 .1 .1 0.690000
3921011129 2.800000e-07 0.013333 .1 .1 .1 0.686667
2235064901 2.800000e-07 0.016667 .1 .1 .1 0.683333
3150846686 2.800000e-07 0.020000 .1 .1 .1 0.680000
545239233 2.800000e-07 0.023333 .1 .1 .1 0.676667
2340740170 2.800000e-07 0.026667 .1 .1 .1 0.673333
2246051850 2.800000e-07 0.030000 .1 .1 .1 0.670000
1572835533 2.800000e-07 0.033333 .1 .1 .1 0.666667
1465560917 2.800000e-07 0.036667 .1 .1 .1 0.663333
1222799196 2.800000e-07 0.040000 .1 .1 .1 0.660000
1075699702 2.800000e-07 0.043333 .1 .1 .1 0.656667
4259593397 2.800000e-07 0.046667 .1 .1 .1 0.653333
2799798816 2.800000e-07 0.050000 .1 .1 .1 0.650000
2984600922 2.800000e-07 0.053333 .1 .1 .1 0.646667
3004792470 2.800000e-07 0.056667 .1 .1 .1 0.643333
3737780296 2.800000e-07 0.060000 .1 .1 .1 0.640000
2519559028 2.800000e-07 0.063333 .1 .1 .1 0.636667
4031050948 2.800000e-07 0.066667 .1 .1 .1 0.633333
426576124 2.800000e-07 0.070000 .1 .1 .1 0.630000
2555962951 2.800000e-07 0.073333 .1 .1 .1 0.626667
3800257563 2.800000e-07 0.076667 .1 .1 .1 0.623333
476505668 2.800000e-07 0.080000 .1 .1 .1 0.620000
1403705120 2.800000e-07 0.083333 .1 .1 .1 0.616667
618276123 2.800000e-07 0.086667 .1 .1 .1 0.613333
2935961177 2.800000e-07 0.090000 .1 .1 .1 0.610000
3566598471 2.800000e-07 0.093333 .1 .1 .1 0.606667
3254190029 2.800000e-07 0.096667 .1 .1 .1 0.603333
4265736471 2.800000e-07 0.100000 .1 .1 .1 0.600000
1841565964 2.800000e-07 0.103333 .1 .1 .1 0.596667
2336633884 2.800000e-07 0.106667 .1 .1 .1 0.593333
1195942967 2.800000e-07 0.110000 .1 .1 .1 0.590000
1339058991 2.800000e-07 0.113333 .1 .1 .1 0.586667
3797498053 2.800000e-07 0.116667 .1 .1 .1 0.583333
1765659469 2.800000e-07 0.120000 .1 .1 .1 0.580000
4065636955 2.800000e-07 0.123333 .1 .1 .1 0.576667
2913775201 2.800000e-07 0.126667 .1 .1 .1 0.573333
2326491807 2.800000e-07 0.130000 .1 .1 .1 0.570000
3215170105 2.800000e-07 0.133333 .1 .1 .1 0.566667
1419646787 2.800000e-07 0.136667 .1 .1 .1 0.563333
2979038906 2.800000e-07 0.140000 .1 .1 .1 0.560000
3692998284 2.800000e-07 0.143333 .1 .1 .1 0.556667
840305171 2.800000e-07 0.146667 .1 .1 .1 0.553333
1284702334 2.800000e-07 0.150000 .1 .1 .1 0.550000
3745730420 2.800000e-07 0.153333 .1 .1 .1 0.546667
992827008 2.800000e-07 0.156667 .1 .1 .1 0.543333
1409721990 2.800000e-07 0.160000 .1 .1 .1 0.540000
3529656148 2.800000e-07 0.163333 .1 .1 .1 0.536667
3602186726 2.800000e-07 0.166667 .1 .1 .1 0.533333
553910352 2.800000e-07 0.170000 .1 .1 .1 0.530000
4154945448 2.800000e-07 0.173333 .1 .1 .1 0.526667
2519395263 2.800000e-07 0.176667 .1 .1 .1 0.523333
3350642606 2.800000e-07 0.180000 .1 .1 .1 0.520000
1871268885 2.800000e-07 0.183333 .1 .1 .1 0.516667
4117345376 2.800000e-07 0.186667 .1 .1 .1 0.513333
3976971168 2.800000e-07 0.190000 .1 .1 .1 0.510000
3787505255 2.800000e-07 0.193333 .1 .1 .1 0.506667
2496481992 2.800000e-07 0.196667 .1 .1 .1 0.503333
1680834133 2.800000e-07 0.200000 .1 .1 .1 0.500000
911086557 2.800000e-07 0.203333 .1 .1 .1 0.496667
989064270 2.800000e-07 0.206667 .1 .1 .1 0.493333
2625687710 2.800000e-07 0.210000 .1 .1 .1 0.490000
1077134243 2.800000e-07 0.213333 .1 .1 .1 0.486667
3438397265 2.800000e-07 0.216667 .1 .1 .1 0.483333
1327972213 2.800000e-07 0.220000 .1 .1 .1 0.480000
2387713422 2.800000e-07 0.223333 .1 .1 .1 0.476667
4244855866 2.800000e-07 0.226667 .1 .1 .1 0.473333
385335460 2.800000e-07 0.230000 .1 .1 .1 0.470000
3976144466 2.800000e-07 0.233333 .1 .1 .1 0.466667
2876811120 2.800000e-07 0.236667 .1 .1 .1 0.463333
1842952312 2.800000e-07 0.240000 .1 .1 .1 0.460000
2224401789 2.800000e-07 0.243333 .1 .1 .1 0.456667
3551407810 2.800000e-07 0.246667 .1 .1 .1 0.453333
677559114 2.800000e-07 0.250000 .1 .1 .1 0.450000
663028022 2.800000e-07 0.253333 .1 .1 .1 0.446667
477918547 2.800000e-07 0.256667 .1 .1 .1 0.443333
678455334 2.800000e-07 0.260000 .1 .1 .1 0.440000
3093059800 2.800000e-07 0.263333 .1 .1 .1 0.436667
524873874 2.800000e-07 0.266667 .1 .1 .1 0.433333
3217807802 2.800000e-07 0.270000 .1 .1 .1 0.430000
1171799715 2.800000e-07 0.273333 .1 .1 .1 0.426667
1616867882 2.800000e-07 0.276667 .1 .1 .1 0.423333
2697778134 2.800000e-07 0.280000 .1 .1 .1 0.420000
1375124800 2.800000e-07 0.283333 .1 .1 .1 0.416667
2698382728 2.800000e-07 0.286667 .1 .1 .1 0.413333
3467412327 2.800000e-07 0.290000 .1 .1 .1 0.410000
1124608856 2.800000e-07 0.293333 .1 .1 .1 0.406667
2691654152 2.800000e-07 0.296667 .1 .1 .1 0.403333
3978148241 2.800000e-07 0.300000 .1 .1 .1 0.400000
2108250894 2.800000e-07 0.303333 .1 .1 .1 0.396667
2948742794 2.800000e-07 0.306667 .1 .1 .1 0.393333
800128519 2.800000e-07 0.310000 .1 .1 .1 0.390000
3698336167 2.800000e-07 0.313333 .1 .1 .1 0.386667
517571060 2.800000e-07 0.316667 .1 .1 .1 0.383333
1266417014 2.800000e-07 0.320000 .1 .1 .1 0.380000
3402409865 2.800000e-07 0.323333 .1 .1 .1 0.376667
2817111613 2.800000e-07 0.326667 .1 .1 .1 0.373333
889615809 2.800000e-07 0.330000 .1 .1 .1 0.370000
3878109167 2.800000e-07 0.333333 .1 .1 .1 0.366667
1517469863 2.800000e-07 0.336667 .1 .1 .1 0.363333
9767674 2.800000e-07 0.340000 .1 .1 .1 0.360000
1395669071 2.800000e-07 0.343333 .1 .1 .1 0.356667
1190069553 2.800000e-07 0.346667 .1 .1 .1 0.353333
1016777852 2.800000e-07 0.350000 .1 .1 .1 0.350000
772705497 2.800000e-07 0.353333 .1 .1 .1 0.346667
884739557 2.800000e-07 0.356667 .1 .1 .1 0.343333
3096677396 2.800000e-07 0.360000 .1 .1 .1 0.340000
1753741916 2.800000e-07 0.363333 .1 .1 .1 0.336667
45223945 2.800000e-07 0.366667 .1 .1 .1 0.333333
1634465802 2.800000e-07 0.370000 .1 .1 .1 0.330000
1382979523 2.800000e-07 0.373333 .1 .1 .1 0.326667
216362297 2.800000e-07 0.376667 .1 .1 .1 0.323333
1131906661 2.800000e-07 0.380000 .1 .1 .1 0.320000
3776967791 2.800000e-07 0.383333 .1 .1 .1 0.316667
1478734071 2.800000e-07 0.386667 .1 .1 .1 0.313333
1252744541 2.800000e-07 0.390000 .1 .1 .1 0.310000
4114924024 2.800000e-07 0.393333 .1 .1 .1 0.306667
2944728812 2.800000e-07 0.396667 .1 .1 .1 0.303333
2227118822 2.800000e-07 0.400000 .1 .1 .1 0.300000
2958006847 2.800000e-07 0.403333 .1 .1 .1 0.296667
2177874257 2.800000e-07 0.406667 .1 .1 .1 0.293333
3765975014 2.800000e-07 0.410000 .1 .1 .1 0.290000
1308382238 2.800000e-07 0.413333 .1 .1 .1 0.286667
3339114227 2.800000e-07 0.416667 .1 .1 .1 0.283333
863207375 2.800000e-07 0.420000 .1 .1 .1 0.280000
2619529587 2.800000e-07 0.423333 .1 .1 .1 0.276667
922915389 2.800000e-07 0.426667 .1 .1 .1 0.273333
2942409093 2.800000e-07 0.430000 .1 .1 .1 0.270000
2830094496 2.800000e-07 0.433333 .1 .1 .1 0.266667
3306395139 2.800000e-07 0.436667 .1 .1 .1 0.263333
2789550989 2.800000e-07 0.440000 .1 .1 .1 0.260000
2842122376 2.800000e-07 0.443333 .1 .1 .1 0.256667
3440379321 2.800000e-07 0.446667 .1 .1 .1 0.253333
4250345338 2.800000e-07 0.450000 .1 .1 .1 0.250000
2253222822 2.800000e-07 0.453333 .1 .1 .1 0.246667
3282108329 2.800000e-07 0.456667 .1 .1 .1 0.243333
2894347955 2.800000e-07 0.460000 .1 .1 .1 0.240000
536212886 2.800000e-07 0.463333 .1 .1 .1 0.236667
2596834025 2.800000e-07 0.466667 .1 .1 .1 0.233333
968550362 2.800000e-07 0.470000 .1 .1 .1 0.230000
3258402587 2.800000e-07 0.473333 .1 .1 .1 0.226667
1547854946 2.800000e-07 0.476667 .1 .1 .1 0.223333
314797018 2.800000e-07 0.480000 .1 .1 .1 0.220000
3597930321 2.800000e-07 0.483333 .1 .1 .1 0.216667
1517294675 2.800000e-07 0.486667 .1 .1 .1 0.213333
2070756956 2.800000e-07 0.490000 .1 .1 .1 0.210000
997458048 2.800000e-07 0.493333 .1 .1 .1 0.206667
2376180047 2.800000e-07 0.496667 .1 .1 .1 0.203333
3486745209 2.800000e-07 0.500000 .1 .1 .1 0.200000
2439128220 2.800000e-07 0.503333 .1 .1 .1 0.196667
2417572046 2.800000e-07 0.506667 .1 .1 .1 0.193333
1348331916 2.800000e-07 0.510000 .1 .1 .1 0.190000
12543832 2.800000e-07 0.513333 .1 .1 .1 0.186667
270667227 2.800000e-07 0.516667 .1 .1 .1 0.183333
2132693841 2.800000e-07 0.520000 .1 .1 .1 0.180000
453172168 2.800000e-07 0.523333 .1 .1 .1 0.176667
3474004330 2.800000e-07 0.526667 .1 .1 .1 0.173333
2512341778 2.800000e-07 0.530000 .1 .1 .1 0.170000
772233796 2.800000e-07 0.533333 .1 .1 .1 0.166667
1730322984 2.800000e-07 0.536667 .1 .1 .1 0.163333
3840794113 2.800000e-07 0.540000 .1 .1 .1 0.160000
3464984866 2.800000e-07 0.543333 .1 .1 .1 0.156667
3011922756 2.800000e-07 0.546667 .1 .1 .1 0.153333
2372323836 2.800000e-07 0.550000 .1 .1 .1 0.150000
4166033149 2.800000e-07 0.553333 .1 .1 .1 0.146667
3720549997 2.800000e-07 0.556667 .1 .1 .1 0.143333
3070799876 2.800000e-07 0.560000 .1 .1 .1 0.140000
604456977 2.800000e-07 0.563333 .1 .1 .1 0.136667
4110009238 2.800000e-07 0.566667 .1 .1 .1 0.133333
163600718 2.800000e-07 0.570000 .1 .1 .1 0.130000
2709912243 2.800000e-07 0.573333 .1 .1 .1 0.126667
852663273 2.800000e-07 0.576667 .1 .1 .1 0.123333
3996887072 2.800000e-07 0.580000 .1 .1 .1 0.120000
1116253441 2.800000e-07 0.583333 .1 .1 .1 0.116667
1891204688 2.800000e-07 0.586667 .1 .1 .1 0.113333
2278246680 2.800000e-07 0.590000 .1 .1 .1 0.110000
583839708 2.800000e-07 0.593333 .1 .1 .1 0.106667
4291431302 2.800000e-07 0.596667 .1 .1 .1 0.103333
3113433014 2.800000e-07 0.600000 .1 .1 .1 0.100000
528407841 2.800000e-07 0.603333 .1 .1 .1 0.096667
2067528176 2.800000e-07 0.606667 .1 .1 .1 0.093333
2608121918 2.800000e-07 0.610000 .1 .1 .1 0.090000
4037351690 2.800000e-07 0.613333 .1 .1 .1 0.086667
2117997665 2.800000e-07 0.616667 .1 .1 .1 0.083333
3890430016 2.800000e-07 0.620000 .1 .1 .1 0.080000
2771373570 2.800000e-07 0.623333 .1 .1 .1 0.076667
2826853669 2.800000e-07 0.626667 .1 .1 .1 0.073333
2465211769 2.800000e-07 0.630000 .1 .1 .1 0.070000
147769918 2.800000e-07 0.633333 .1 .1 .1 0.066667
2840369738 2.800000e-07 0.636667 .1 .1 .1 0.063333
2006031628 2.800000e-07 0.640000 .1 .1 .1 0.060000
2235967333 2.800000e-07 0.643333 .1 .1 .1 0.056667
1010029466 2.800000e-07 0.646667 .1 .1 .1 0.053333
3599324218 2.800000e-07 0.650000 .1 .1 .1 0.050000
3907769384 2.800000e-07 0.653333 .1 .1 .1 0.046667
1217775382 2.800000e-07 0.656667 .1 .1 .1 0.043333
4175738114 2.800000e-07 0.660000 .1 .1 .1 0.040000
2426998245 2.800000e-07 0.663333 .1 .1 .1 0.036667
2443618263 2.800000e-07 0.666667 .1 .1 .1 0.033333
1068020906 9.543000e-04 0.670000 .1 .1 .1 0.030000